image_width: 1280
image_height: 720
camera_matrix: [  6.738700561523438e+02, 0., 6.585586547851562e+02, 0., 6.738700561523438e+02,
           3.496156005859375e+02, 0., 0., 1. ]
distortion_coefficients: [ 0., 0., 0.,
       0., 0. ]
